87.649669
93.112222
96.274271
97.796029
97.954198
98.306855
97.965823
96.883882
96.278712
95.972014
96.145538
95.732188
94.245113
95.937145
95.160288
95.569091
97.277038
97.709434
98.344585
98.652464
98.466333
98.555620
98.239148
97.887302
97.568276
96.488204
93.966507
95.071066
94.952908
94.540528
92.646797
92.421879
93.319634
96.046255
97.149815
98.141406
98.120028
97.814907
97.630056
95.825664
91.982589
90.693547
93.171670
93.440120
96.880884
96.777957
96.767589
97.685317
97.310521
95.667482
95.165139
93.081502
92.118398
91.228474
93.879734
92.040279
91.739901
94.563347
94.586239
96.337167
94.580535
92.203631
92.048994
95.490122
93.260175
94.821271
97.917831
98.333324
98.352695
98.466369
98.471710
97.961785
97.888446
96.912583
96.921099
97.346236
97.847832
98.149036
98.532460
98.710507
98.754626
98.555920
98.344818
97.595789
96.455066
97.235276
95.559706
93.436300
93.838139
97.288321
97.897412
97.789741
98.159797
98.473245
98.309018
97.882903
96.467437
94.786958
89.933530
81.081189
64.730131
59.853413
55.133706
52.904579
54.130726
61.895234
71.367829
82.963976
91.058634
92.294243
95.042864
96.850329
96.813120
95.327883
97.227791
97.933239
97.802568
98.183137
97.658917
95.815568
92.606850
79.642657
62.600605
52.927147
45.730801
44.400259
47.916082
44.345578
43.265090
42.130060
39.558290
40.844616
39.030685
37.818575
43.063861
57.564828
73.386242
85.936971
92.554095
95.436319
97.080036
97.887102
97.753692
97.742380
97.234915
95.972135
96.603959
95.784483
96.137177
96.715153
97.484673
97.459629
97.298513
97.958297
98.080357
97.678041
98.206121
98.396487
98.479748
98.441318
98.264092
97.758801
96.996489
95.493864
95.221353
94.182328
93.929889
94.146678
93.915855
95.438658
96.786947
98.262065
98.148266
98.369081
97.985506
96.296872
92.907865
91.127831
94.939754
95.249906
97.170298
96.499449
96.391572
97.648309
97.553697
94.728290
93.772149
95.435393
96.995030
95.638851
96.534004
94.649249
92.993210
94.641238
97.210051
98.059128
97.617185
97.915235
98.520918
98.418401
98.244573
98.153228
97.061576
97.000542
96.536314
97.996680
98.318022
98.513911
98.572040
98.664924
98.512340
98.479012
98.338073
97.747075
97.882829
98.030345
96.492477
96.322877
97.730835
97.565642
97.875414
98.074023
98.395035
98.143740
97.727822
96.657360
94.877718
93.025190
90.263176
86.877936
87.541494
89.991117
93.328764
95.251416
96.848390
97.044715
95.962180
97.392868
98.117995
97.844221
97.739834
96.522227
94.689849
90.361720
