34.398960
30.474217
35.828358
32.213370
35.591860
32.193717
42.782820
37.857000
33.111113
39.068550
39.251897
38.265332
31.681265
33.414712
31.191056
35.235570
33.988028
34.397648
35.789708
34.608141
36.450609
35.324178
35.087020
40.273801
40.193699
36.026919
40.174251
34.486489
37.957753
39.856716
49.727775
59.508802
75.747274
87.438427
92.050872
95.209075
96.844581
97.378740
98.133518
97.261479
95.109273
94.595684
94.196120
93.344749
93.906015
91.425132
93.424461
92.012701
93.298768
95.654227
95.974362
97.647042
98.283540
98.311628
98.271686
97.874085
96.928474
95.775253
93.502309
91.972608
92.880485
93.358645
92.703450
91.129833
91.471215
93.293470
95.645542
97.188240
98.073820
97.965388
97.193654
97.257287
94.846980
91.537331
88.220682
91.752622
92.850645
96.319447
96.233194
96.468870
97.099710
96.666529
95.453930
94.868695
92.691043
91.789928
89.866074
93.158604
91.118393
90.877515
94.196794
94.197430
95.491226
94.055980
90.984035
90.603967
94.313031
91.828793
93.327889
96.723664
97.638228
98.057065
98.316140
98.147168
97.726620
97.300272
95.783106
95.398531
95.942537
96.915649
97.343392
98.406633
98.443889
98.529784
98.020458
97.352048
95.790799
94.093333
94.510348
93.485237
90.469212
91.569432
95.243642
96.047150
96.844425
97.749852
98.172998
98.163300
97.373821
96.045422
94.693611
87.696399
80.683076
67.588461
63.807257
53.278546
50.361376
55.333866
63.680279
74.488082
81.587395
89.446293
90.542997
93.677693
96.349808
96.037051
93.872380
96.119640
97.107264
96.759769
97.077004
95.426059
92.441886
86.701204
66.419361
55.324494
54.042822
50.049501
45.186988
46.927853
53.243664
42.709911
46.704078
37.165868
40.549791
43.579458
39.081858
47.125718
57.800249
71.107507
85.690948
91.002793
94.304556
95.962807
97.376095
97.546210
96.934858
97.223722
94.392815
96.005561
95.180462
94.903638
95.337984
96.613252
96.785415
95.598785
97.266040
97.322520
97.058167
97.713364
98.254786
98.301451
98.180714
97.970300
97.096672
96.059680
93.931955
93.359699
93.227785
92.809287
93.314573
92.569536
95.331547
96.613816
98.055838
97.852442
97.914149
97.600833
95.589423
91.589504
88.530431
93.825677
94.084252
96.608748
95.687745
95.976201
96.992866
97.137755
94.328500
92.806119
94.252907
95.902234
93.839432
94.951805
92.849596
89.819166
91.333431
95.988855
96.838808
96.317432
96.838384
98.073255
97.801778
97.655189
97.182627
95.782929
95.809216
95.031964
97.124578
97.932450
98.399755
98.252193
98.488174
98.229588
98.140434
97.485988
96.422076
96.844344
96.825890
94.865955
94.847368
96.787600
96.899905
97.363415
97.844606
98.235809
98.073307
97.612217
96.835933
94.755514
91.914736
89.397002
86.780031
85.756834
90.224495
92.887615
95.012164
96.902340
96.576215
94.935839
96.833485
97.785205
97.412372
97.240341
95.035094
93.407159
88.647227
