34.390864
30.088754
34.157557
30.419738
35.266701
32.678587
43.625779
35.544494
30.651897
39.122120
37.398340
38.345851
33.702106
30.908321
33.790895
35.943675
40.061403
35.774251
35.192269
38.121149
36.644460
36.168736
34.979313
37.974188
40.869597
46.452639
36.715859
48.378294
49.783254
72.039120
86.704011
91.156837
94.945361
96.512079
97.225277
98.122393
97.093559
94.873098
94.431842
93.993724
93.182134
93.840876
91.177892
93.221924
91.419974
92.966006
95.577970
95.873221
97.569842
98.146431
98.199515
98.162996
97.696819
96.584298
95.516152
92.964380
91.331966
92.229680
92.636097
91.872892
90.413700
90.878306
92.731476
94.998134
96.727761
97.889518
97.692569
96.955844
96.978649
94.534411
91.046619
87.243174
91.056898
92.316994
95.749883
95.736140
96.091977
96.767304
96.310077
95.046293
94.423148
92.215341
91.286366
89.066414
92.330402
90.336795
90.363999
93.727040
93.787147
94.913174
93.653776
90.428156
90.257897
93.885185
91.629956
93.083795
96.599970
97.475186
97.888863
98.168337
97.971173
97.480085
96.938759
95.068751
94.910621
95.335319
96.542835
97.095412
98.296661
98.338233
98.427439
97.848085
97.070016
95.586780
93.841593
94.215987
93.182616
90.287782
91.240901
94.916235
95.807931
96.757643
97.605560
98.049813
98.000395
97.170387
95.559827
94.196733
86.211388
77.262256
65.630601
61.367246
51.557129
48.576748
54.600938
61.893371
71.593940
79.188224
87.586509
89.421334
92.972249
95.984320
95.518939
93.428140
95.838659
96.885279
96.567724
96.879264
95.251283
92.230775
88.046958
69.073133
55.519924
52.964051
50.960363
43.806248
47.868600
53.946775
44.442683
47.128276
37.746531
48.280049
44.907797
38.290748
44.274196
56.631578
71.186835
84.446437
90.125884
93.635269
95.078585
96.866021
97.005211
96.325073
96.838468
93.987963
95.625691
94.621598
94.505225
94.889308
96.145073
96.352753
94.913573
96.724466
96.948473
96.716379
97.404186
98.037342
98.105488
97.944749
97.720303
96.590059
95.409326
93.279104
92.150496
92.513362
91.931391
92.389465
91.828827
94.885165
96.178998
97.837473
97.505019
97.627557
97.405610
95.095865
91.211993
87.937430
93.424116
93.638444
96.233867
95.173331
95.451019
96.459368
96.656960
93.838813
92.194312
93.482535
95.205566
92.895262
94.323653
91.966679
88.818269
90.542814
95.263982
96.278368
95.651098
96.109015
97.774740
97.398687
97.243437
96.445258
95.093183
95.050421
94.159708
96.703661
97.595855
98.217194
98.051648
98.291574
98.015356
97.888547
96.973962
95.758660
96.263057
96.455847
94.083204
94.443558
96.379992
96.481435
97.125805
97.588818
98.054951
97.815606
97.241200
96.362860
94.214455
90.956313
88.178350
85.453817
83.628462
88.601241
92.007049
94.339523
96.348206
95.929853
94.366471
96.354951
97.454864
97.104238
96.826690
94.592949
93.018380
88.323487
