87.169365
92.396159
95.849753
97.535927
97.949206
98.235119
97.894124
96.441188
95.661988
96.024509
95.654148
95.470105
93.577265
95.437627
94.561007
95.038284
97.002209
97.005452
98.241902
98.600027
98.545178
98.369984
98.094055
97.559930
97.327706
95.578990
92.651173
93.876078
93.853540
93.859805
91.856074
91.216512
92.797573
95.308500
96.773600
97.829519
97.804008
97.600194
97.483627
96.009768
92.731674
91.881507
93.281986
93.964716
96.845394
96.712070
96.521474
97.466301
97.147306
95.549792
95.306115
93.117589
92.487524
91.735988
93.948617
93.721445
92.495033
95.049789
95.296566
96.594166
94.823544
92.816089
92.511968
95.547363
93.993210
95.398069
97.420396
98.272809
98.255319
98.416734
98.358901
97.682665
97.699463
96.539308
97.068157
97.468416
97.623921
98.140111
98.431992
98.622718
98.650234
98.428691
98.049393
96.770290
95.609103
96.477183
95.262108
92.641297
94.259436
97.003513
97.489692
97.692108
98.131421
98.368344
98.207411
97.450334
95.485980
93.815087
86.780249
77.125407
61.325551
56.234075
49.801181
48.225968
49.399174
53.995250
65.351182
79.985802
89.544168
90.342652
94.025185
96.167336
96.466373
95.141925
97.248760
97.785540
97.755334
97.970879
97.084099
95.091170
92.061614
75.958893
60.531131
54.019232
46.106658
39.950734
49.209192
42.763012
45.017021
43.131413
45.568301
45.717478
44.558095
39.224315
44.317439
54.733152
70.642475
83.024610
90.261125
94.370684
96.426587
97.631260
98.183146
98.202302
97.943338
97.166618
97.487849
97.275087
97.046616
96.784730
96.712730
96.720413
96.816636
97.809174
98.114788
98.178282
98.327981
98.391392
98.505547
98.346088
98.022918
97.480010
96.384583
94.726627
94.471096
93.637331
93.349635
93.608497
93.122481
94.966678
96.321016
97.868933
97.812470
98.172492
98.083969
96.829794
94.259097
92.512069
95.589140
95.661391
96.915334
96.057822
95.835620
97.161735
96.930814
93.750965
92.301219
93.756475
96.039877
94.513250
95.398110
93.389210
91.999510
94.110759
96.880421
97.804347
97.269191
97.620717
98.356151
98.280376
97.816180
97.869311
95.661558
96.676280
95.738544
97.780469
98.308570
98.402418
98.446899
98.581745
98.425883
98.407632
98.332459
97.891898
98.020820
97.779954
95.825185
96.401017
97.741463
97.676812
97.966104
98.261935
98.376980
98.134331
97.251163
95.944600
94.441630
91.791576
90.248691
87.403716
87.882297
89.579239
92.733147
95.006657
96.688482
96.468078
96.105404
97.643408
98.250212
98.113005
98.117167
97.039799
95.492451
93.439895
83.420392
74.715577
72.217315
66.168564
72.484899
72.749504
74.281097
75.558250
73.777009
79.364015
70.117772
72.195639
66.398224
61.923801
55.794243
53.716887
50.835900
51.454026
45.799724
38.816090
45.930791
37.345238
47.384947
43.820254
38.531462
41.372032
31.759259
39.230931
41.127711
41.303254
38.764637
42.961991
37.503798
38.734168
39.023640
37.697271
34.987433
39.777650
41.709601
38.073702
40.095293
48.371722
49.868890
46.613806
50.466794
59.673991
57.484822
59.570346
55.473129
66.766478
64.388953
65.500533
74.547417
80.471639
79.220149
84.945303
85.237996
86.776565
87.973471
87.581830
86.469219
84.791361
89.497778
90.585176
89.958938
86.698188
85.958409
80.743996
70.019347
