40.544953
38.889256
41.666761
41.379142
45.654702
37.769474
54.788797
48.269236
48.185720
43.795712
40.932869
44.277845
39.800622
40.268906
41.405215
36.973692
39.154913
34.421986
32.461650
36.270931
31.870652
30.451427
31.025317
34.939078
36.663370
38.102857
38.094564
44.350144
49.089114
69.180421
85.097511
89.754916
93.458969
95.779641
96.798169
97.476242
96.578594
93.575875
92.463304
93.482632
91.180167
92.973532
90.219683
92.126768
90.631875
92.523492
95.135786
95.637128
97.481091
97.944314
98.115184
97.738950
96.991597
95.674158
94.848588
92.279194
88.864386
91.053577
90.431047
90.941671
89.566226
89.010188
91.184208
94.030679
95.681803
97.088548
96.973169
96.497230
96.355032
93.945274
89.327715
88.517916
90.418829
91.369286
95.112540
95.432938
95.186827
96.404180
96.111722
94.310559
93.983194
91.596736
90.828740
89.684117
91.580715
91.319036
90.734120
93.679577
93.934610
95.293115
93.224189
90.793457
90.399033
93.747877
92.408219
93.926941
96.206764
97.455872
97.662114
97.471011
97.518065
96.250165
96.208695
94.458862
94.673631
95.257374
95.610808
96.969778
97.839505
98.095930
98.193811
97.813417
96.633713
95.077189
93.172952
93.996983
93.096689
89.139080
92.006420
95.100767
95.016205
96.515002
97.306821
97.885106
97.534462
96.464200
94.200649
92.974031
85.138871
77.233292
61.423679
57.344779
51.603985
49.758943
50.798091
55.087842
65.704008
79.586265
87.395989
88.225336
92.116091
94.736015
94.232760
93.314313
95.235429
96.427116
95.767652
96.394090
94.286769
91.360382
87.575594
71.144400
57.944220
51.258883
46.775580
40.443497
47.960666
45.495858
44.731772
43.032455
44.485234
44.945272
45.867958
40.907966
44.925694
53.761290
66.876602
77.126456
85.863649
91.695135
93.753965
95.885554
97.046837
97.346822
97.209165
95.731594
96.162544
96.198949
94.795165
95.352032
95.637194
95.575595
95.220345
96.946853
97.403434
97.453602
97.939738
97.896672
98.065588
97.620815
96.935277
95.778083
93.538255
92.408827
91.708064
91.458602
91.022801
91.669865
91.307214
94.247090
95.908845
97.454589
97.218047
97.530452
97.555427
95.430091
92.617308
90.552441
93.729889
93.340845
95.675760
95.236029
95.061010
96.507777
96.392813
92.772005
90.419060
91.838351
94.925521
93.529322
94.914486
92.582583
90.731974
92.129386
95.427983
96.630257
96.026703
96.310074
97.659181
97.629738
96.851206
96.913032
93.303944
95.094418
93.779016
96.439532
97.598602
97.851723
97.932501
98.120813
97.986764
97.877890
97.580719
96.885969
96.987236
96.156934
92.637357
94.287792
96.181162
95.762766
97.175708
97.593708
97.892673
97.597259
96.226662
94.985235
93.639006
89.571687
88.572277
84.384173
81.787027
85.052300
89.972774
93.032920
95.065790
94.214426
94.454187
96.166878
97.476961
97.179742
96.946151
95.077346
92.846225
89.899563
79.099546
68.031430
67.046842
63.782132
69.355956
70.269332
72.000379
73.072741
69.737431
76.192731
64.775204
66.950004
60.152579
53.875436
53.054403
52.028197
48.840321
50.226437
45.808433
38.691884
42.371632
37.681807
47.863988
49.504536
44.131216
40.468739
36.526750
40.131180
45.613400
45.528132
40.979992
46.152317
38.904705
39.869160
39.919453
39.754692
38.454673
41.800255
43.553881
36.711286
44.196304
49.242189
49.994096
48.879720
49.281788
56.749894
57.920419
60.440273
53.556711
64.958143
64.147947
63.863697
72.247186
80.850851
78.356655
84.191319
86.151892
86.706615
86.511716
87.243306
87.331060
86.678538
89.346370
91.195417
90.239133
86.304266
85.363379
80.734797
72.198885
