35.870183
33.043165
35.702500
35.808272
38.152459
34.205460
42.463842
39.016342
37.107038
39.039814
38.826892
46.430191
39.374481
42.620116
43.359088
41.513024
41.481870
36.303405
38.417558
43.580602
36.681454
41.195980
33.049222
38.478434
42.871681
34.768679
38.697456
34.361599
37.735728
41.315250
48.312627
59.520829
74.041559
86.441175
90.561803
94.240465
95.745247
96.749932
97.708036
96.488919
93.712927
93.462502
92.932805
91.835447
92.273161
89.552163
92.079272
89.995895
93.197530
95.136717
95.788546
97.065483
97.614284
97.744304
97.719704
97.284943
96.170360
94.900406
92.146483
91.402399
92.356732
92.431605
92.215277
90.107874
90.580691
92.013169
94.557230
95.744505
97.012283
96.462010
96.063914
95.824829
93.077224
89.030431
83.344880
88.391504
88.937307
93.717207
94.386113
94.105296
95.146945
95.342638
94.233805
93.984323
91.905882
91.490744
89.965085
92.629356
91.361038
90.370423
93.939891
93.469428
94.203701
92.984173
90.507193
90.632443
93.959358
92.212242
92.903086
96.494947
97.159650
97.520689
97.461386
97.380097
96.914992
96.673305
94.912949
95.135275
94.854044
96.157863
97.011921
97.844779
98.058301
98.024848
97.696566
96.576830
95.981910
94.250586
94.027489
92.953521
88.779490
90.591324
94.027841
95.124910
96.144057
96.762842
97.480094
97.206942
96.411940
93.940370
93.017492
84.994041
74.848698
63.883104
55.991297
48.443185
44.885902
46.083964
53.185511
62.142768
75.774319
86.877267
88.382365
91.957426
94.327384
94.098982
92.743898
94.468780
95.967529
95.401758
95.487597
94.154776
90.206077
85.509765
66.652340
52.673761
43.545295
38.663279
38.719900
50.411668
38.997421
37.657173
33.703788
38.760341
40.490985
39.498891
39.972544
41.997134
52.941039
62.469712
78.977097
83.053419
89.724966
91.501214
94.473805
93.530112
94.075130
94.887776
91.774645
92.712978
93.529777
91.718025
92.802786
91.721355
92.186057
91.625378
94.053117
94.809199
95.068815
96.336600
96.773660
96.860246
96.373599
95.774965
93.738172
91.288126
90.432802
88.515670
88.994571
88.913725
89.840894
89.428152
92.569051
94.642050
96.300803
96.309116
96.484424
96.520518
94.140308
90.586803
86.711063
93.185582
93.111260
94.815592
94.106921
93.933696
94.505802
94.462820
91.944189
89.696284
90.661052
92.838537
91.677538
93.837871
89.925456
87.670903
89.129016
93.137298
94.969102
94.249180
95.225780
96.392485
96.106557
95.297770
95.094011
92.078445
92.886629
92.308111
94.263587
95.985063
96.807491
97.008471
97.171774
97.098346
96.845294
93.142793
92.663811
94.093917
94.004207
90.462976
92.360748
94.726764
94.529290
96.054543
96.562877
96.835442
96.551610
95.540557
94.104118
91.918852
88.759713
86.175904
83.923390
79.255859
84.758447
89.016299
92.138910
93.777296
93.190941
92.423671
93.887953
95.677427
95.515294
94.740430
92.430489
90.230744
88.884388
78.632056
67.330035
64.147498
52.656176
61.948146
64.860463
53.307516
54.009181
42.028857
46.573560
38.505126
38.669201
38.870481
38.854548
41.573277
37.043854
44.153614
46.862414
46.434096
53.374747
42.211517
59.742338
36.669167
45.286846
39.242968
42.983571
36.543478
35.755970
44.848962
38.701306
39.193473
34.070393
32.238667
34.167562
36.044674
41.087492
38.944234
47.740955
53.283298
53.269318
51.356113
62.729220
64.328245
71.353261
71.129384
78.430228
78.211839
81.392152
83.092915
83.184470
85.172506
85.526856
88.514540
88.120039
88.257177
88.099524
88.848266
87.464390
88.270570
86.437926
86.608970
86.231330
85.520606
80.787790
72.682842
65.657198
