85.939278
92.596184
95.395859
97.279335
97.743711
98.113513
96.107168
93.105590
95.152471
94.185158
94.852073
95.025396
93.944275
95.529166
94.147686
95.409845
96.594379
97.147703
97.834311
98.161962
98.365701
98.459938
98.338301
97.860059
97.240700
95.760892
94.584177
96.189498
96.094392
96.408616
95.104906
95.402491
97.149317
98.050356
98.342382
98.384810
97.746904
96.307654
95.337068
89.343974
77.120103
75.795416
75.120479
86.911967
94.609677
95.533221
97.130195
97.754445
97.649044
97.721571
98.225604
97.460051
97.306942
96.834867
96.899473
96.390302
97.478708
97.318723
96.804657
96.021210
95.003593
92.166271
91.553411
94.843665
92.227087
93.317648
95.509777
97.591002
98.209093
98.530170
98.546909
98.154150
97.939747
96.287161
96.168588
97.115198
97.958204
98.480692
98.540963
98.639870
98.483827
98.269024
97.583561
96.313100
95.085949
95.771268
94.154510
91.253781
90.824937
93.972498
95.195795
95.854632
96.170085
97.507678
97.620787
98.023859
97.592332
95.088048
89.186458
84.583960
89.556898
88.029184
87.720235
93.433533
96.587764
96.501342
94.913549
96.143695
97.018528
96.670953
96.415757
95.504778
93.751312
88.421225
70.638782
54.569661
53.204522
47.823609
45.704662
53.989376
44.615165
42.979104
41.027868
36.103220
52.424082
40.190814
39.397391
50.475910
59.156291
71.768782
87.082470
91.945028
94.492901
95.999549
96.989793
97.011018
97.338781
97.718526
95.964570
96.531241
96.579051
97.039007
96.881019
97.299242
96.968164
96.634375
98.069639
98.188052
97.974934
98.342247
98.535684
98.479002
98.322926
98.309940
97.565507
96.856438
94.865302
96.035931
96.134457
96.058018
96.372836
96.149874
97.652098
98.216425
98.477474
97.977585
97.445677
95.133091
92.265539
85.992263
82.010474
87.931740
88.066529
92.239321
94.818809
97.338805
98.061142
98.340497
97.392448
96.048753
95.375170
97.410604
97.766242
97.925965
96.735687
94.106797
94.294368
97.071476
97.418818
97.085136
97.780633
98.491673
98.299933
98.037127
97.475316
95.965799
96.534925
96.723194
97.706782
98.186899
98.617339
98.510341
98.717660
98.581466
98.468561
98.169273
97.161857
97.311268
97.174475
94.321976
94.151453
96.612724
96.076843
96.689191
96.488345
97.759357
97.468853
97.720516
97.732266
96.730944
94.961560
94.105583
91.934130
91.792022
94.417767
95.778772
95.908125
96.610034
95.826534
93.647216
95.924302
97.417254
96.953496
97.345425
96.516282
94.443017
92.311339
76.922272
