46.785488
41.596039
43.216581
47.003805
43.897484
44.917040
57.475752
50.503885
43.027343
43.489236
39.816686
46.542562
46.495803
48.616073
56.076557
74.785568
86.754653
91.424773
94.206946
96.178761
94.139323
93.664752
91.285501
94.446239
91.865160
89.972266
84.686410
82.462280
80.101096
82.445863
84.796763
87.722565
90.614785
91.502644
94.592623
93.813406
95.165928
95.602857
96.500017
97.707064
96.440596
96.704629
95.404850
92.724872
94.374164
93.260498
92.976468
93.196421
95.029613
96.934713
97.182520
98.131664
98.118850
98.384324
98.127609
97.105596
95.365133
93.964446
96.520869
97.176599
96.987885
92.490993
94.388438
97.767401
97.649629
97.611210
96.258319
95.826203
94.984816
95.303530
91.693798
87.625553
82.454592
84.565950
85.613221
91.829064
95.492756
96.858437
97.108903
97.429297
98.162760
97.839136
97.754176
96.351960
94.593495
94.510618
91.257399
91.251452
84.722143
88.958444
91.637475
93.485026
95.751269
97.565172
98.340620
98.401142
98.287379
97.883977
97.176510
96.112132
95.328175
95.274264
94.726166
96.180902
96.984102
96.751128
97.402611
94.920814
94.796751
90.731856
80.943044
70.325125
58.596880
51.277805
48.082516
49.634290
62.400116
76.300246
84.981116
91.400284
92.000199
94.804464
89.309064
78.548337
85.663539
83.728198
83.405256
86.999062
86.234492
90.774589
89.830696
91.993392
93.394487
94.763396
96.744808
96.938264
97.219133
97.179483
95.534764
91.984640
85.288641
80.786086
78.061757
82.077487
86.950955
88.455851
86.307769
88.650148
92.403324
93.547882
94.343884
95.118245
92.773429
92.701293
89.546922
83.452703
73.861696
75.634941
71.164908
79.970438
87.182565
89.797891
91.278006
94.373408
94.000294
94.781629
95.662884
94.501589
94.158234
91.454492
92.502754
92.710959
94.610947
96.273408
94.161569
94.709619
90.219897
87.906587
87.334583
91.404050
86.405970
89.434909
92.602021
95.618147
97.581962
97.427107
97.909451
97.069695
93.758816
89.481196
83.847338
89.728145
90.086750
96.440478
97.310713
98.138273
97.710266
97.435801
96.281194
94.680789
92.885398
93.151829
91.594933
84.670224
87.683500
92.134008
90.971162
93.123226
92.629525
95.506957
94.523543
95.285296
92.670165
90.237765
80.636320
68.432937
54.478072
55.231057
70.268711
85.743090
89.708869
89.765307
87.588596
91.419379
91.036956
89.881274
90.878183
87.741386
86.186591
82.542934
66.158304
49.979711
39.599192
33.703938
32.118601
34.426666
34.404458
33.985432
33.993544
33.901694
34.265279
31.472009
34.373250
33.994158
48.254076
59.082247
72.709893
82.568829
86.957104
88.607192
91.373935
91.939617
90.558123
94.069287
83.312529
91.640351
92.123135
90.105952
93.119941
93.237569
93.665163
93.390805
95.740231
96.607150
96.765510
97.474334
97.405583
96.695315
97.131694
96.396491
92.907051
90.453102
88.977202
91.848787
93.248048
94.038236
94.824093
94.098945
96.315114
96.879756
97.912793
96.173207
95.094449
89.777321
84.545549
76.797113
71.391374
73.004852
74.409831
81.732124
89.846568
95.180651
96.764741
97.142858
95.531597
92.835216
89.567236
94.693469
96.359089
97.232139
95.928969
93.942736
94.149095
95.995853
96.523976
95.470177
97.337640
98.116398
97.669340
96.717672
95.367263
93.421430
94.309024
94.292944
96.248491
96.341431
97.945841
97.971124
98.287328
98.244072
97.991171
96.069205
95.080491
96.271538
95.282457
91.393644
92.293347
95.249014
94.457907
94.433239
93.888366
96.035559
95.397401
96.032073
95.220736
92.382845
88.901265
89.612693
81.733658
75.400472
83.896230
85.058710
86.170212
89.402029
89.140809
86.009115
91.121725
93.008566
91.939563
92.997228
90.553493
88.416018
85.568724
69.047684
