47.699626
40.392519
40.620339
37.865473
37.345595
38.148818
42.428172
48.191546
45.074436
36.475774
43.199215
47.509607
45.283530
50.113650
43.812634
47.425546
47.290704
54.257169
55.992670
53.783840
54.951625
55.351550
52.675746
57.274681
52.406055
46.874510
48.100499
44.031870
47.501166
40.529339
45.824666
49.585580
64.962052
77.503836
90.805405
93.998946
96.484404
97.982145
98.112399
98.107671
97.627491
97.922863
96.356054
95.769132
95.244240
97.038665
96.093802
95.138652
94.092571
92.493634
94.824776
96.782988
97.028694
97.558531
97.924914
98.198081
98.474188
98.480101
98.082452
97.065277
95.128681
92.216928
92.887777
90.726670
88.695147
89.627789
91.223299
92.364915
93.995477
96.328361
96.893995
97.947379
98.176865
98.552500
98.471584
98.199250
97.590257
97.348428
97.897412
97.784043
97.697652
96.555034
95.442786
96.969891
97.283106
96.630638
94.499320
92.201878
93.251023
92.231089
90.444131
87.014029
76.577077
74.578684
79.466077
91.252095
93.297845
95.051856
97.023219
98.024811
98.253691
98.429745
98.311242
97.631326
96.387734
96.029769
95.778645
95.135489
96.425045
96.687552
94.291730
94.731835
95.460224
97.737420
98.148361
98.493279
98.650828
98.515249
98.156575
97.964083
97.053595
95.256975
93.106399
87.965549
89.643902
90.948827
93.355358
95.982565
97.206171
97.767238
98.289799
98.285885
98.280321
97.424981
95.259732
94.262206
92.506361
92.917071
95.172619
96.923885
98.345171
98.311663
98.524045
98.392362
98.632917
98.390123
98.001232
97.499542
96.586499
96.157179
94.257819
91.814671
93.740600
92.723049
92.498669
92.736242
94.034910
96.372151
97.152228
97.146421
97.724035
97.973035
98.315077
98.652953
98.732126
98.801121
98.573899
98.453648
98.595569
98.214217
97.220965
97.369877
96.690619
97.838208
97.774882
98.205737
97.934218
98.626211
97.970430
97.174702
89.530206
91.038741
95.663451
97.321466
97.666376
96.252656
97.630682
98.295846
98.263908
98.280769
98.314454
97.862105
98.087903
98.312189
97.932248
97.006915
96.260424
96.276730
96.145704
98.089940
98.614694
98.757791
98.757712
98.622289
98.684505
98.512865
98.503697
98.081502
97.456829
96.968514
96.232740
95.917034
95.394966
94.987273
94.147240
93.641151
92.730450
95.000654
96.717616
97.986792
98.256476
98.428863
97.926044
98.424036
98.127554
98.137657
96.463144
97.448884
97.865636
94.871115
94.369024
96.820211
97.658407
98.220365
97.805224
97.976382
97.237947
95.034568
93.669612
89.933068
77.288229
62.557662
50.327877
34.035079
