33.149446
35.200679
32.740702
33.557779
39.329187
35.701012
46.016880
38.259275
31.304644
43.395035
39.822203
45.469239
32.362001
37.763979
36.862831
37.085857
34.941235
33.712783
35.306463
35.672383
44.907739
37.111084
38.970125
35.737890
41.625626
38.496769
39.382953
38.672531
36.829216
43.038976
52.607406
61.356710
76.998116
88.123278
92.728607
95.008982
96.920110
97.335054
98.043206
96.165059
92.772499
95.140759
94.199999
94.425350
94.736148
93.129850
94.830887
93.028128
94.588989
96.111990
96.656704
97.642492
97.979205
98.181475
98.291983
98.127858
97.410271
96.281267
94.415887
93.091584
94.785833
95.031813
95.675657
94.285593
94.983759
96.786262
97.755884
98.200332
98.281476
97.565979
96.119208
95.374215
89.326398
77.058033
75.563634
77.016976
88.028959
94.370029
95.309764
96.870407
97.465383
97.387522
97.497719
98.032652
97.161437
96.873620
96.363162
96.453443
95.730447
97.158280
96.985210
96.563987
95.663435
94.613079
91.840937
90.927586
94.249877
91.581846
92.879490
94.732466
97.222016
97.965055
98.375789
98.348207
97.913190
97.563628
95.433007
94.968659
96.391405
97.395506
98.218565
98.378157
98.513687
98.336643
98.047104
97.130966
95.915049
94.301660
94.868570
93.398731
90.324570
90.260982
93.312141
94.651030
95.670951
95.987452
97.387716
97.521821
97.890762
97.408606
94.984889
89.441911
85.479216
89.434584
88.852940
87.973095
93.388063
96.333645
96.112404
94.739377
95.775918
96.750526
96.442307
96.092878
95.068237
92.838094
86.778375
68.799930
54.872760
52.991569
52.157353
49.139178
54.307672
51.781727
46.208434
43.299574
40.671206
54.185602
42.431171
42.060791
49.795209
59.893006
70.142912
85.938946
90.814061
93.967800
95.395219
96.568383
96.724647
97.039547
97.539678
95.799422
96.350074
96.448653
96.863950
96.702800
97.217914
96.910854
96.234357
97.905403
97.991891
97.754722
98.183458
98.392698
98.333669
98.127819
98.056916
97.176152
96.429808
94.385925
95.522420
95.723971
95.541497
95.847365
95.680225
97.410114
98.025414
98.370841
97.839043
97.282138
95.026748
92.127302
85.830576
81.715812
87.912943
87.984901
91.765953
94.590097
97.105891
97.763934
98.075458
96.997545
95.565834
94.242593
96.939711
97.370374
97.639939
96.433830
93.424958
93.339906
96.520233
96.916270
96.602521
97.350282
98.310050
98.062622
97.716975
96.850682
94.860741
95.601830
95.927802
97.316049
97.973630
98.494810
98.344655
98.625382
98.443288
98.323521
97.919548
96.649826
97.127508
96.867798
93.970233
93.934937
96.344470
95.960075
96.522727
96.315046
97.645304
97.344287
97.491600
97.530461
96.530492
94.362645
93.694016
91.660777
91.320983
93.866609
95.348102
95.547904
96.371283
95.422825
93.194723
95.637718
97.240257
96.810160
97.154298
96.338915
94.529615
92.467427
77.414385
