48.944673
47.714211
50.721016
53.680102
57.437016
52.468881
52.195316
48.166103
45.286299
41.183393
38.947989
41.553131
41.456480
40.092611
39.311328
42.639712
44.677986
51.719591
55.575831
46.411632
48.730075
47.166561
48.655186
46.804851
45.583550
39.894020
42.430747
42.707780
43.480642
42.466217
43.194688
46.946629
57.694017
71.550087
85.692390
90.134144
93.032351
95.831965
97.321471
96.860451
96.465829
96.982154
94.868751
95.533812
94.792574
96.580636
95.059300
94.399673
92.910452
89.760720
92.560508
95.278980
96.463155
97.195386
97.705610
97.903403
98.349142
98.198215
96.987890
94.354570
91.102549
87.866041
89.160964
88.207044
88.345296
89.244447
90.152085
90.914680
94.126601
95.224389
96.761352
98.004563
98.348195
98.567262
98.466633
98.125340
96.713440
95.901889
97.776467
97.986566
97.277642
95.708470
94.375800
97.249744
97.329634
96.298307
93.995299
93.545215
92.819657
91.424137
88.541212
82.209470
72.887030
72.087554
75.075332
86.044297
89.976048
91.502387
95.542863
97.220924
98.185051
98.123870
98.305875
97.568562
95.940535
95.217098
94.450107
93.917404
95.793283
95.767228
93.431432
94.111609
94.426942
97.208482
98.166622
98.411977
98.630933
98.427189
98.094013
97.195295
96.112954
93.523626
89.780637
83.919951
85.111922
87.293112
90.834726
94.972264
94.718444
96.197871
97.592808
97.911816
97.745981
96.442479
94.123554
92.864288
90.409752
91.092470
94.035350
96.371672
98.227063
97.965846
98.433717
97.613992
97.981393
96.454419
95.011170
93.279895
93.151296
92.185400
87.862816
82.118574
84.924452
87.860650
84.643391
87.224059
91.552215
94.235560
96.438653
95.070995
96.646092
96.627425
98.031672
98.481476
98.635272
98.730295
98.382897
98.036191
98.507994
98.212663
96.963069
96.647904
96.498401
97.544577
98.020182
98.173437
97.860274
98.458015
96.454097
94.394221
83.711315
84.682555
92.342222
96.260049
96.653045
95.527358
97.171434
98.323956
98.229377
98.094883
98.060499
96.844050
97.738872
97.918539
97.171985
96.120934
95.610055
95.438623
95.175758
97.933620
98.544777
98.726499
98.722450
98.605767
98.648412
98.441054
98.377389
97.758362
95.903456
95.537153
92.419796
93.477395
93.320236
90.220025
87.434912
88.352826
86.291678
90.197964
91.881497
95.825615
97.563295
98.085256
97.466003
98.238224
98.000869
98.004655
95.727338
96.763928
97.269363
91.284629
92.140453
95.433113
96.205794
97.056101
95.664600
93.013579
92.664218
88.703802
87.137457
77.547736
54.627326
44.631126
38.899701
38.392832
35.337539
37.881330
43.929369
60.015734
75.348849
83.778201
89.130209
90.041150
92.466401
87.525302
79.396197
86.526491
83.737105
84.212979
87.943185
83.146633
88.206305
87.765165
90.880937
92.613849
94.314298
96.011785
96.098695
96.637051
96.165109
94.765427
92.070417
86.018501
82.079525
81.901748
84.555884
88.038432
88.822385
88.199197
89.851008
93.363166
93.556727
94.474490
94.686377
92.792166
92.204798
88.616714
81.573732
71.065012
76.166709
73.393359
79.605655
86.047687
89.475175
91.123965
94.490868
94.353406
95.076278
96.104504
94.941929
94.138063
90.857382
92.367371
92.791520
95.060204
96.330935
94.831317
95.367625
90.958374
88.407935
87.593663
92.061515
86.459798
88.440613
91.679845
95.590173
97.255113
97.473875
97.738728
96.484856
92.809509
88.258912
84.318510
89.175024
90.637906
95.562587
96.686717
97.894529
97.229866
96.970892
95.382256
94.101435
91.943418
92.719179
91.027911
83.088212
87.647402
91.898293
91.364057
93.046634
93.301543
95.056946
93.772301
94.636987
92.541054
90.675565
82.205265
68.735106
58.267821
52.751149
64.009069
84.244884
88.828845
88.360674
87.031838
91.029187
91.021632
90.060832
91.463670
88.022999
85.970341
79.484494
63.421577
47.879613
31.986019
26.768278
27.865943
29.155377
28.429533
29.549431
26.639627
29.405590
29.050433
27.502351
30.201682
32.711331
44.233510
58.580441
73.029997
83.623324
88.070325
91.044180
94.065830
95.297856
94.060550
95.993843
91.484429
94.907198
94.864908
93.327012
94.742138
93.565319
94.198359
93.213935
95.688531
96.606804
97.174639
97.861700
98.008375
97.549227
97.825615
96.516129
95.549557
93.053403
91.190762
92.797128
94.318965
93.792245
94.731885
94.513434
96.712132
97.302203
97.900541
96.685810
95.019136
91.270356
85.321699
79.296692
75.416251
74.344418
75.212006
83.541356
89.932237
95.316959
96.771858
97.152283
95.604847
92.816066
91.481988
94.881066
96.618725
96.875146
95.747703
92.840357
93.227608
95.436063
95.797784
94.800261
97.076114
98.187372
97.562660
97.031443
95.961226
93.939654
94.591159
94.562653
96.800952
97.078995
98.286193
98.058403
98.341311
98.189437
98.008209
94.729400
94.471844
96.239526
94.871060
91.022476
92.460023
95.468835
94.705890
95.186795
96.395820
96.911372
96.510631
96.420796
95.391674
92.962087
89.612991
89.446233
79.526096
74.161357
80.254694
84.149730
89.102098
91.106607
89.998432
88.822812
94.295594
96.546266
96.327825
95.998093
94.314107
91.447486
87.285215
72.169586
