43.322433
35.278443
37.594319
33.779745
39.684111
46.004266
56.258953
45.029145
38.679046
49.473102
41.573987
44.584662
38.364774
39.057505
36.531640
40.125358
41.418286
38.250159
38.716823
36.481408
39.026542
34.429731
33.710540
38.105727
35.241140
34.881038
42.982494
47.014464
52.940128
43.773430
42.823182
47.988043
54.438144
53.633822
45.732962
42.789447
44.108100
41.779584
49.799015
56.331907
59.699278
58.048920
62.004456
55.536437
58.016163
58.966439
56.821793
58.373570
59.856431
55.861383
48.158444
57.732721
59.645866
54.324421
48.853113
43.851495
42.719638
48.263840
46.583352
53.179124
57.335851
51.778520
53.654190
49.050498
48.301663
48.933852
47.509482
49.663344
55.807720
43.919548
43.781983
53.282239
49.516229
46.879082
45.897680
40.140804
44.323577
48.371313
44.137951
48.887102
49.736409
46.194683
45.070612
43.495447
44.462450
47.398932
42.825649
45.102514
43.039612
50.983160
58.777188
72.023476
87.510347
92.921051
95.045308
96.998397
97.442909
97.945570
95.956234
92.507379
94.946852
93.782484
94.134039
94.692348
93.139808
94.782244
92.795618
94.470879
95.980200
96.458123
97.480927
97.867928
98.168044
98.307658
98.115595
97.414332
96.343616
94.278183
93.126187
94.835261
94.937652
95.689799
94.371342
95.134991
96.923293
97.825381
98.265161
98.290175
97.540401
96.001212
95.213517
89.292844
76.622625
73.989529
75.045429
86.101384
94.068031
95.279981
96.975373
97.430375
97.405672
97.573068
98.082085
97.184342
96.926311
96.415084
96.437324
95.841356
97.052831
97.121804
96.674852
95.732073
94.564440
92.017093
90.731968
94.145940
91.458814
92.764984
94.635824
97.130370
97.873599
98.330211
98.323355
97.903667
97.595519
95.537401
95.053628
96.378207
97.426904
98.227169
98.366760
98.490701
98.280720
97.955688
97.059830
95.893553
94.294602
94.897262
93.346936
90.316911
90.196441
93.206758
94.689428
95.630735
95.880021
97.289107
97.460090
97.931876
97.504729
95.408605
90.832890
87.112137
90.522581
91.131523
89.841709
93.989026
96.531123
96.275463
94.807894
95.626280
96.821100
96.428411
96.081864
94.986373
93.241883
87.230494
70.914689
54.783048
51.388303
52.398966
47.964199
53.778224
49.952673
47.749078
44.545082
40.538969
54.450768
44.154698
42.136126
48.676660
58.555121
68.582944
84.614456
89.675161
93.647062
95.132970
96.260705
96.481950
96.882893
97.524609
95.825055
96.178412
96.479284
96.663230
96.530227
97.073239
96.829557
96.024254
97.845221
97.931682
97.762712
98.102331
98.346471
98.294462
98.074963
97.909002
97.130795
96.248536
94.332605
95.378075
95.962109
95.554260
95.974504
95.806032
97.522716
98.050097
98.372029
97.848400
97.240897
95.037524
92.155182
85.981840
81.371970
87.922095
88.471139
92.324922
94.848996
97.223577
97.833685
98.096951
97.175231
95.843999
94.256995
96.946441
97.473177
97.821342
96.725182
94.082598
93.626979
96.644328
97.025410
96.758176
97.342772
98.281637
97.950827
97.664026
96.797501
94.936899
95.689761
95.745390
97.238341
97.813255
98.466467
98.273921
98.587448
98.395397
98.296767
97.951277
96.705744
97.136906
96.767339
93.700859
93.808671
96.350997
95.813589
96.381045
96.050920
97.555740
97.258738
97.447984
97.488632
96.481104
94.552951
93.703586
92.023901
91.346805
93.837981
95.354364
95.420778
96.192749
95.233187
92.908836
95.410048
97.125608
96.657338
97.135944
96.235610
94.410482
92.582354
77.708367
